From nop49@ndc.norsar.no Wed Oct  1 11:22:52 2025
Received: from DESKTOP-6QF9FJM (cinder-pc [172.22.154.58])
	by ctbt.ndc.norsar.no (8.16.1/8.16.1) with ESMTP id 5919Mpdm357207;
	Wed, 1 Oct 2025 11:22:52 +0200
Content-Type: multipart/signed; protocol="application/x-pkcs7-signature";
 micalg="sha256"; boundary="===============6650850133041668317=="
MIME-Version: 1.0
Subject: 1302 NOP49 SAMPLEPHD
From: NOP49<nop49@ndc.norsar.no>
To: rn49.cinder@ndc.norsar.no
Cc: idc-messages@gci.ctbto.org
Date: Wed, 01 Oct 2025 09:22:51 -0000
Message-ID: <175931057129.10452.12148538314003236397@DESKTOP-6QF9FJM>
Reply-To: 
Received: from localhost by RSSI for rn49.cinder@ndc.norsar.no;
 Wed, 01 Oct 2025 09:22:51 -0000

--===============6650850133041668317==
Content-Type: text/plain; charset="utf-8"
MIME-Version: 1.0
Content-Transfer-Encoding: 7bit

BEGIN IMS2.0
MSG_TYPE DATA
MSG_ID 1302 NOP49
DATA_TYPE SAMPLEPHD
#Header 3
NOP49 NOP49_005 P CINDERELLA        FULL
49202509280911
NOP49_005-2025/09/30-10:02:57.0 NOP49_005-2025/02/10-10:14:34.0 0
2025/10/01 09:22:51.2
#Collection
2025/09/28 09:32:17.6 2025/09/29 09:31:23.9 14525.100000
#Acquisition
2025/09/30 10:02:57.0 83982.000000   83319.000000  
#g_Energy
46.54            135.4            0
59.54            173.4            0
88.03            256.58           0
122.06           355.86           0
136.47           397.97           0
165.86           483.99           0
255.13           745.26           0
391.7            1144.79          0
661.66           1934.82          0
834.84           2441.61          0
898.04           2626.54          0
1115.54          3262.98          0
1173.23          3431.79          0
1332.49          3897.88          0
1836.05          5371.58          0
#g_Resolution
46.54            0.807            0
59.54            0.809            0
88.03            0.824            0
122.06           0.836            0
136.47           0.85             0
165.86           0.884            0
255.13           0.961            0
391.7            1.077            0
661.66           1.267            0
834.84           1.418            0
898.04           1.478            0
1115.54          1.598            0
1173.23          1.638            0
1332.49          1.705            0
1836.05          1.993            0
#g_Efficiency
46.54            0.2065           0.00465
59.54            0.22198          0.00411
88.03            0.24799          0.00484
122.06           0.2261           0.00418
165.86           0.17592          0.00343
391.7            0.09517          0.00176
661.66           0.05855          0.00108
834.84           0.04932          0.00086
898.04           0.03812          0.00067
1115.54          0.03783          0.0007
1173.23          0.03023          0.00053
1332.49          0.02691          0.00047
1836.05          0.01996          0.00035
#Calibration
2023/09/07 14:51:20.0
#g_Spectrum
8192  2700
1     0          0          0          0          0
6     0          0          0          0          0
11    0          0          0          0          0
16    0          0          0          0          0
21    0          0          0          0          0
26    0          0          0          0          0
31    0          0          0          0          0
36    0          0          0          0          0
41    0          0          0          0          0
46    0          0          0          0          0
51    0          0          0          0          0
56    0          0          0          0          0
61    0          0          0          0          0
66    0          0          0          0          0
71    0          0          0          0          0
76    506        533        491        464        487
81    433        445        439        436        458
86    440        452        465        441        437
91    491        501        537        501        454
96    448        379        405        426        407
101   413        428        434        396        410
106   457        379        400        385        391
111   385        405        442        417        474
116   500        457        414        398        399
121   363        361        387        375        339
126   360        326        351        368        360
131   371        408        461        565        556
136   541        436        399        380        392
141   329        332        333        358        343
146   312        318        352        333        348
151   319        312        337        358        350
156   336        358        355        376        341
161   356        342        355        369        345
166   355        382        326        391        373
171   374        358        396        386        366
176   378        383        405        406        442
181   471        483        508        556        497
186   487        418        457        433        424
191   428        456        426        440        450
196   425        407        381        412        444
201   469        408        407        471        456
206   498        487        529        534        596
211   737        688        778        978        1446
216   1916       2158       2107       1750       1476
221   1583       2190       2738       2852       2439
226   1675       1044       663        502        477
231   432        435        448        425        438
236   392        422        416        405        452
241   475        486        526        565        608
246   648        580        576        650        786
251   973        1145       1271       1138       908
256   723        641        557        631        659
261   725        687        565        507        515
266   595        644        717        677        631
271   571        526        445        453        458
276   454        467        414        436        441
281   462        443        454        458        466
286   439        441        435        461        427
291   459        478        452        427        477
296   428        465        486        435        473
301   454        464        484        407        494
306   471        504        486        466        475
311   464        500        470        492        452
316   502        461        493        493        498
321   529        511        514        488        512
326   484        503        504        512        527
331   512        528        497        563        517
336   520        552        461        447        462
341   473        501        475        500        464
346   485        460        469        484        477
351   482        520        536        478        499
356   453        461        493        461        509
361   475        541        535        517        458
366   519        483        525        496        507
371   495        504        511        499        520
376   511        539        516        481        515
381   499        446        481        505        505
386   480        494        506        473        499
391   473        475        500        468        485
396   485        504        486        510        479
401   496        527        529        496        457
406   515        497        470        472        469
411   499        472        473        444        475
416   533        503        527        527        466
421   483        478        485        471        493
426   474        479        480        464        465
431   476        460        459        449        455
436   455        470        454        477        467
441   472        434        459        431        443
446   452        463        519        476        437
451   443        439        426        481        437
456   456        429        422        445        452
461   450        438        453        459        403
466   453        425        449        424        440
471   450        473        458        389        424
476   439        494        412        444        444
481   395        429        444        406        392
486   449        422        441        424        395
491   399        417        428        390        437
496   413        427        447        403        417
501   409        412        403        404        442
506   436        432        379        464        421
511   410        435        403        440        404
516   452        433        453        417        404
521   365        402        420        370        406
526   353        394        418        421        432
531   419        386        415        412        399
536   504        505        591        602        552
541   535        453        423        383        391
546   404        396        367        403        382
551   421        376        419        346        368
556   394        378        405        387        352
561   368        378        383        383        392
566   383        346        342        381        370
571   387        423        385        420        425
576   421        390        384        414        410
581   386        414        356        364        388
586   353        374        332        362        351
591   359        377        374        339        354
596   351        375        361        355        377
601   354        340        363        371        366
606   368        359        364        383        360
611   332        342        368        361        331
616   338        332        347        350        318
621   329        342        344        333        303
626   333        342        365        337        313
631   324        323        325        341        337
636   320        358        323        355        282
641   306        320        332        306        309
646   290        311        344        319        306
651   318        331        336        323        314
656   332        333        293        344        331
661   293        269        306        337        288
666   309        310        301        302        324
671   284        324        340        313        333
676   336        288        302        301        322
681   335        312        308        289        308
686   329        412        613        1215       2092
691   3240       4125       4008       3151       2129
696   1233       676        404        338        366
701   342        350        334        339        283
706   295        283        280        282        287
711   273        255        256        236        258
716   265        270        256        258        273
721   239        277        289        260        243
726   272        266        243        254        252
731   273        276        277        279        303
736   242        280        243        270        248
741   257        272        243        255        265
746   245        265        266        229        284
751   250        230        228        238        239
756   269        256        258        252        240
761   258        240        213        233        236
766   226        230        242        235        237
771   238        227        247        232        234
776   242        224        223        217        226
781   259        240        283        253        260
786   252        261        220        253        209
791   221        249        246        220        268
796   216        237        207        243        258
801   230        272        331        363        356
806   368        300        277        233        212
811   216        244        216        214        213
816   204        206        236        238        214
821   221        212        224        225        230
826   232        224        208        239        222
831   223        189        230        223        221
836   234        204        231        236        212
841   212        203        176        202        213
846   229        210        205        211        214
851   200        231        271        258        308
856   360        366        309        294        271
861   241        186        216        203        197
866   219        251        276        304        370
871   354        362        325        259        248
876   207        190        208        214        202
881   180        210        193        205        209
886   211        192        179        211        192
891   209        202        217        207        196
896   178        178        181        204        177
901   192        180        197        203        183
906   211        203        192        178        202
911   188        173        198        189        205
916   192        190        187        203        195
921   188        190        163        179        159
926   173        177        193        192        169
931   178        182        160        193        176
936   178        164        176        178        221
941   178        185        162        201        173
946   194        173        182        185        202
951   202        200        193        213        188
956   190        151        175        171        175
961   176        174        161        176        200
966   176        170        179        157        166
971   177        182        162        175        172
976   170        164        184        208        192
981   218        224        229        229        188
986   163        163        179        161        160
991   161        163        173        146        176
996   160        165        138        155        156
1001  191        142        142        165        146
1006  154        143        160        169        155
1011  178        183        168        174        177
1016  177        185        237        292        359
1021  363        407        304        262        195
1026  172        160        159        160        152
1031  138        126        152        139        171
1036  143        122        153        138        147
1041  141        154        141        151        149
1046  169        153        140        146        172
1051  135        146        144        134        142
1056  137        153        157        155        142
1061  141        150        152        114        160
1066  152        130        169        140        140
1071  148        151        135        155        135
1076  140        167        158        135        154
1081  142        140        140        144        160
1086  147        144        177        139        133
1091  141        154        160        150        142
1096  174        162        147        160        129
1101  159        136        136        144        127
1106  129        132        154        139        124
1111  149        141        133        147        153
1116  138        160        136        160        145
1121  123        155        140        148        141
1126  152        126        137        148        127
1131  145        134        171        142        140
1136  126        156        130        125        163
1141  149        128        148        139        126
1146  144        148        119        141        137
1151  125        135        134        122        153
1156  135        112        156        128        122
1161  156        142        135        136        138
1166  116        142        128        127        117
1171  121        142        127        156        129
1176  136        138        140        125        114
1181  130        143        135        123        131
1186  119        120        132        118        138
1191  125        121        123        118        100
1196  150        130        110        137        96
1201  124        114        139        146        136
1206  131        128        136        127        123
1211  110        115        107        112        130
1216  111        118        117        138        117
1221  104        111        113        108        111
1226  118        124        123        112        127
1231  114        134        119        117        116
1236  104        109        91         112        114
1241  117        117        125        118        114
1246  129        101        102        119        124
1251  93         109        99         111        108
1256  122        102        135        125        108
1261  103        103        108        90         107
1266  121        131        98         105        137
1271  113        113        118        126        117
1276  95         124        107        105        82
1281  104        130        110        112        102
1286  118        100        103        87         110
1291  128        113        126        100        104
1296  106        105        97         105        106
1301  104        116        114        104        97
1306  110        120        109        86         112
1311  93         114        119        137        121
1316  132        125        94         108        121
1321  95         108        94         118        89
1326  107        104        111        100        84
1331  106        100        110        114        92
1336  94         111        95         111        104
1341  98         117        127        112        106
1346  109        116        121        107        86
1351  83         90         94         90         94
1356  87         97         108        121        100
1361  111        101        112        92         103
1366  106        90         104        99         91
1371  104        111        88         104        102
1376  92         99         85         110        107
1381  118        136        179        206        291
1386  311        307        255        196        128
1391  112        100        114        95         112
1396  93         99         92         106        84
1401  94         96         91         102        103
1406  84         75         96         87         79
1411  89         102        117        67         108
1416  91         100        76         79         91
1421  93         71         110        83         91
1426  95         80         98         94         106
1431  101        95         96         78         101
1436  86         80         82         96         82
1441  84         80         87         85         106
1446  88         80         96         97         95
1451  92         113        91         94         97
1456  91         71         84         79         89
1461  84         69         90         99         100
1466  98         97         82         108        109
1471  99         88         93         111        134
1476  108        193        228        305        398
1481  494        560        608        526        443
1486  324        274        208        197        116
1491  133        103        102        89         92
1496  81         77         95         80         98
1501  121        106        78         74         90
1506  89         69         82         81         88
1511  80         102        77         78         101
1516  85         85         88         69         91
1521  76         72         77         81         76
1526  74         88         100        88         67
1531  74         90         77         63         75
1536  69         70         61         75         86
1541  84         81         74         77         92
1546  91         77         69         85         83
1551  92         89         71         76         77
1556  81         83         72         85         90
1561  79         84         76         98         91
1566  72         82         68         72         70
1571  64         62         88         78         78
1576  82         81         59         67         68
1581  78         72         59         73         65
1586  80         83         67         80         70
1591  74         75         95         68         77
1596  67         66         75         77         64
1601  75         79         93         72         73
1606  79         61         75         83         80
1611  81         68         67         75         74
1616  73         72         67         78         73
1621  69         60         64         68         76
1626  84         84         63         65         68
1631  67         71         91         67         88
1636  74         73         91         67         67
1641  75         75         77         73         85
1646  73         79         67         83         68
1651  85         62         99         85         72
1656  101        94         65         80         78
1661  80         76         84         73         76
1666  70         77         64         88         78
1671  73         66         66         64         68
1676  62         62         69         76         75
1681  79         71         89         61         74
1686  81         111        197        350        522
1691  746        953        1037       899        697
1696  431        258        145        114        64
1701  72         63         65         76         74
1706  69         62         81         73         66
1711  63         61         62         74         80
1716  65         82         77         65         57
1721  63         63         53         75         60
1726  63         62         70         67         69
1731  94         92         71         86         85
1736  72         67         76         79         75
1741  70         79         86         74         80
1746  71         85         83         80         81
1751  80         66         81         79         72
1756  88         77         80         63         79
1761  81         86         98         109        150
1766  188        240        316        306        240
1771  182        141        120        77         64
1776  62         65         80         83         93
1781  79         88         69         76         83
1786  66         75         66         76         68
1791  67         73         79         64         67
1796  75         70         71         61         72
1801  55         69         69         68         59
1806  63         60         72         56         74
1811  64         62         69         73         64
1816  76         68         52         49         73
1821  57         62         71         61         60
1826  61         78         65         69         52
1831  66         68         67         66         53
1836  62         51         60         66         67
1841  62         65         74         62         63
1846  70         59         65         63         65
1851  62         76         67         63         63
1856  63         55         58         56         74
1861  69         56         54         52         62
1866  50         57         62         64         59
1871  78         70         47         57         66
1876  53         48         50         57         59
1881  72         57         66         57         42
1886  66         54         64         70         58
1891  60         57         49         67         47
1896  53         70         47         74         68
1901  54         75         70         59         56
1906  57         62         65         76         60
1911  50         67         62         64         58
1916  64         58         60         53         67
1921  76         64         52         54         54
1926  53         56         71         66         58
1931  53         51         63         61         66
1936  53         57         47         57         73
1941  64         74         62         55         52
1946  55         62         59         53         53
1951  62         62         44         62         64
1956  48         52         48         61         56
1961  51         69         59         58         62
1966  51         54         58         55         49
1971  51         54         57         60         52
1976  47         44         46         57         49
1981  48         65         63         52         45
1986  52         59         54         53         60
1991  40         55         54         58         54
1996  56         45         55         49         48
2001  64         54         51         38         47
2006  55         57         74         55         68
2011  62         81         70         63         77
2016  61         69         57         71         54
2021  64         68         62         73         75
2026  53         61         52         67         66
2031  58         68         64         63         54
2036  50         67         71         59         70
2041  60         50         62         66         45
2046  66         64         62         53         55
2051  71         53         47         49         62
2056  65         57         53         63         53
2061  44         56         49         55         58
2066  63         57         67         50         46
2071  62         53         71         42         66
2076  58         51         67         56         43
2081  44         60         54         54         46
2086  60         40         63         43         60
2091  61         60         46         43         52
2096  60         58         49         45         48
2101  53         39         44         44         68
2106  63         87         119        180        265
2111  222        255        210        148        95
2116  91         58         59         55         59
2121  49         57         58         55         47
2126  61         60         37         62         52
2131  34         57         46         41         40
2136  59         51         51         42         44
2141  35         44         59         50         51
2146  40         57         40         45         44
2151  52         40         41         61         46
2156  44         45         47         43         42
2161  39         43         37         46         44
2166  50         60         45         45         48
2171  43         51         28         51         57
2176  60         37         46         50         46
2181  49         40         43         62         47
2186  42         49         44         38         55
2191  41         58         60         64         47
2196  37         40         56         41         54
2201  48         32         40         44         31
2206  47         54         50         37         47
2211  54         44         60         47         63
2216  63         67         43         58         47
2221  49         50         49         47         47
2226  57         56         57         58         55
2231  77         48         56         52         51
2236  38         55         43         45         50
2241  49         50         56         43         48
2246  44         31         47         46         42
2251  37         57         49         44         52
2256  42         54         43         40         46
2261  39         44         38         49         48
2266  40         37         37         53         41
2271  44         40         38         39         45
2276  59         44         62         85         84
2281  83         66         62         66         55
2286  57         48         44         58         45
2291  48         36         31         48         34
2296  49         53         39         41         35
2301  39         34         41         48         40
2306  50         64         68         47         40
2311  49         37         51         31         40
2316  43         47         49         46         40
2321  40         48         40         46         45
2326  43         49         47         76         62
2331  57         58         60         43         49
2336  44         45         37         43         56
2341  41         35         44         53         36
2346  35         45         42         34         37
2351  28         29         40         50         34
2356  36         50         40         43         36
2361  35         39         46         59         43
2366  51         39         44         30         52
2371  49         50         40         45         27
2376  46         43         56         45         31
2381  48         41         45         38         46
2386  30         34         34         48         40
2391  32         32         35         36         37
2396  33         43         42         34         36
2401  49         26         40         43         42
2406  45         49         36         30         39
2411  48         29         29         34         49
2416  41         38         39         35         44
2421  33         42         41         39         52
2426  44         26         40         48         42
2431  54         54         53         45         43
2436  55         57         48         45         49
2441  48         33         29         43         49
2446  57         46         42         36         50
2451  41         43         47         47         46
2456  37         44         46         43         42
2461  42         43         45         45         36
2466  43         36         31         41         38
2471  38         47         38         36         42
2476  44         45         34         30         47
2481  33         38         38         41         46
2486  31         35         29         47         44
2491  41         51         58         73         100
2496  132        150        178        154        128
2501  91         71         56         45         37
2506  45         32         39         33         37
2511  31         45         43         44         36
2516  37         26         42         36         55
2521  30         40         39         37         29
2526  34         40         35         28         32
2531  35         42         29         32         41
2536  33         35         39         39         43
2541  40         34         23         38         33
2546  36         37         32         40         33
2551  37         38         34         25         32
2556  45         42         48         44         43
2561  44         31         33         39         40
2566  35         40         37         40         43
2571  39         28         35         33         42
2576  32         32         31         35         43
2581  30         43         39         49         46
2586  33         27         43         41         25
2591  39         46         47         40         37
2596  52         45         38         31         33
2601  40         37         32         35         36
2606  33         44         31         47         39
2611  27         48         39         43         36
2616  26         30         50         34         26
2621  39         37         51         35         42
2626  37         33         33         34         36
2631  36         35         46         32         25
2636  29         26         32         50         55
2641  66         71         99         129        110
2646  82         109        89         71         43
2651  51         39         30         35         25
2656  29         44         33         26         38
2661  40         29         43         27         22
2666  42         28         32         33         33
2671  31         41         34         26         39
2676  28         40         37         40         49
2681  34         33         28         30         36
2686  30         32         28         30         36
2691  30         54         47         33         36
2696  40         25         34         38         38
2701  39         27         37         28         25
2706  34         39         42         45         39
2711  49         33         41         36         41
2716  28         32         23         35         28
2721  27         24         33         39         44
2726  29         38         37         30         27
2731  35         31         33         28         30
2736  28         21         43         32         36
2741  34         35         37         40         33
2746  39         35         33         35         33
2751  39         31         35         39         37
2756  40         38         45         28         32
2761  31         32         33         35         40
2766  47         27         26         27         28
2771  37         30         18         39         35
2776  20         41         41         34         36
2781  37         36         32         38         33
2786  34         29         27         40         31
2791  36         36         36         34         36
2796  41         37         38         54         53
2801  43         53         45         31         30
2806  36         43         43         50         48
2811  83         103        83         85         69
2816  55         36         50         44         31
2821  42         29         31         29         30
2826  25         27         32         21         29
2831  41         28         27         30         38
2836  35         33         32         29         22
2841  25         35         24         26         31
2846  30         21         37         32         42
2851  37         29         30         36         31
2856  34         27         30         27         35
2861  27         27         23         29         25
2866  37         37         28         38         29
2871  29         21         34         32         28
2876  29         31         27         28         23
2881  30         39         31         36         31
2886  28         23         27         34         31
2891  31         20         38         32         34
2896  24         31         29         25         23
2901  24         40         45         38         47
2906  33         33         44         37         22
2911  35         16         34         31         25
2916  37         34         21         26         28
2921  28         25         21         23         27
2926  25         31         35         27         31
2931  26         14         24         37         27
2936  31         22         25         32         27
2941  15         46         24         29         30
2946  32         25         37         25         32
2951  36         27         37         23         38
2956  35         35         22         28         30
2961  26         16         36         34         46
2966  30         36         22         36         28
2971  40         21         37         31         31
2976  32         20         32         21         16
2981  28         25         40         27         27
2986  23         18         27         26         28
2991  23         31         30         33         27
2996  31         24         32         25         31
3001  23         29         24         19         30
3006  25         34         28         27         31
3011  26         23         32         22         33
3016  31         38         24         26         30
3021  21         30         33         32         34
3026  27         33         33         30         31
3031  24         39         26         41         20
3036  34         28         40         36         34
3041  31         29         27         34         28
3046  28         33         23         29         31
3051  29         26         34         26         43
3056  28         40         39         17         23
3061  25         32         29         29         23
3066  32         19         24         29         27
3071  22         32         26         18         26
3076  30         27         32         22         33
3081  27         20         30         32         30
3086  30         27         30         30         28
3091  29         34         27         22         15
3096  23         45         24         22         32
3101  20         31         24         24         38
3106  34         22         33         28         27
3111  29         16         29         32         30
3116  26         26         33         20         35
3121  19         24         27         29         24
3126  21         26         35         29         43
3131  36         31         25         30         33
3136  30         32         29         24         22
3141  27         20         34         40         32
3146  31         29         33         27         34
3151  40         26         26         26         32
3156  31         23         23         26         31
3161  24         26         22         33         27
3166  22         27         32         23         22
3171  30         34         35         38         42
3176  50         34         40         33         31
3181  30         25         28         24         30
3186  25         25         24         30         34
3191  27         28         32         21         34
3196  23         26         27         18         25
3201  29         21         28         31         20
3206  31         26         23         31         25
3211  27         28         21         26         20
3216  20         25         24         16         20
3221  18         21         29         30         32
3226  30         25         25         26         25
3231  25         27         26         21         27
3236  35         26         24         33         34
3241  30         38         39         29         33
3246  25         38         62         57         60
3251  82         70         93         62         58
3256  45         42         33         38         24
3261  32         27         32         31         20
3266  18         26         33         24         19
3271  27         19         19         28         31
3276  26         33         32         32         30
3281  31         24         25         38         28
3286  30         27         29         28         24
3291  27         27         27         29         20
3296  30         28         30         20         26
3301  27         28         25         32         17
3306  24         28         24         21         20
3311  27         27         37         28         29
3316  30         22         23         25         28
3321  22         31         22         27         27
3326  19         31         38         28         24
3331  21         29         36         24         22
3336  21         24         37         25         21
3341  23         23         18         21         16
3346  19         27         26         23         38
3351  39         39         34         31         26
3356  23         24         37         29         19
3361  18         22         25         27         27
3366  24         17         25         35         26
3371  24         26         32         34         29
3376  34         19         26         28         27
3381  42         31         27         29         38
3386  26         27         28         24         26
3391  21         32         34         22         21
3396  25         27         22         26         31
3401  20         22         30         32         35
3406  21         26         32         28         35
3411  21         29         26         39         34
3416  28         26         24         32         25
3421  25         27         28         35         18
3426  26         26         21         25         38
3431  27         32         22         25         22
3436  34         27         31         23         21
3441  25         30         28         32         30
3446  28         27         32         17         32
3451  22         22         33         25         31
3456  27         29         29         32         23
3461  22         23         32         30         28
3466  28         28         21         30         26
3471  33         31         26         34         29
3476  35         22         28         22         24
3481  22         19         24         22         20
3486  25         29         29         28         28
3491  29         37         32         36         28
3496  27         19         32         41         24
3501  36         22         24         17         19
3506  32         31         21         36         31
3511  30         28         29         28         17
3516  21         23         19         23         26
3521  29         28         28         23         31
3526  32         14         34         28         31
3531  27         31         34         25         22
3536  24         40         36         27         33
3541  29         21         18         38         22
3546  28         29         20         23         26
3551  34         33         21         30         18
3556  29         33         23         22         24
3561  30         31         27         37         36
3566  36         27         27         29         28
3571  18         34         38         38         34
3576  24         35         32         30         39
3581  29         18         31         28         22
3586  29         26         17         38         40
3591  40         51         46         46         47
3596  44         41         38         45         15
3601  30         24         24         33         32
3606  24         17         29         23         25
3611  19         31         25         22         33
3616  19         28         33         24         28
3621  28         18         29         27         26
3626  21         22         23         21         20
3631  20         20         27         26         21
3636  23         29         21         19         26
3641  20         20         25         25         34
3646  22         24         22         20         32
3651  20         25         21         23         20
3656  27         21         20         22         15
3661  14         26         20         21         21
3666  23         26         15         17         30
3671  30         24         23         21         19
3676  25         25         18         19         23
3681  20         26         23         23         25
3686  17         18         32         22         22
3691  17         27         33         20         15
3696  24         27         18         34         21
3701  27         10         19         19         19
3706  20         14         27         23         20
3711  19         26         22         17         27
3716  18         28         23         17         22
3721  25         24         16         19         28
3726  25         22         18         23         20
3731  15         26         22         19         28
3736  14         23         18         23         29
3741  16         26         21         23         18
3746  17         20         19         23         29
3751  14         12         17         26         22
3756  20         17         23         21         23
3761  26         25         23         13         21
3766  18         18         17         33         23
3771  26         29         17         29         19
3776  25         20         24         18         17
3781  20         21         18         21         28
3786  17         14         26         30         22
3791  23         24         22         18         17
3796  15         11         16         17         16
3801  26         24         24         24         19
3806  23         15         26         16         10
3811  13         17         16         24         12
3816  21         13         16         15         25
3821  17         21         15         16         23
3826  17         15         18         13         25
3831  16         24         22         26         15
3836  26         21         19         18         13
3841  17         26         24         17         16
3846  18         15         19         23         12
3851  22         27         31         20         27
3856  23         17         24         12         18
3861  21         23         24         24         23
3866  17         22         16         27         13
3871  14         20         23         20         16
3876  15         17         18         13         12
3881  18         21         17         22         16
3886  17         16         15         16         14
3891  14         13         19         22         12
3896  25         15         15         21         16
3901  15         20         24         24         20
3906  27         27         8          20         21
3911  18         27         23         17         16
3916  19         27         16         13         22
3921  14         13         16         14         15
3926  11         20         17         13         13
3931  13         17         16         20         19
3936  20         8          22         21         15
3941  18         14         17         16         14
3946  20         11         19         15         14
3951  13         19         12         12         19
3956  17         15         17         20         12
3961  16         15         14         20         22
3966  17         15         22         15         20
3971  13         16         14         17         27
3976  14         19         20         20         14
3981  25         17         14         22         14
3986  18         22         14         15         15
3991  18         11         10         20         19
3996  27         26         20         20         32
4001  24         25         23         24         21
4006  12         12         14         13         7
4011  17         17         21         14         18
4016  6          7          16         13         16
4021  13         14         25         10         27
4026  20         16         20         7          15
4031  12         15         15         16         15
4036  16         12         13         17         13
4041  15         21         16         16         14
4046  13         13         9          17         14
4051  10         11         13         18         14
4056  19         13         10         15         17
4061  15         16         10         19         17
4066  20         14         25         12         20
4071  14         20         18         9          15
4076  19         18         14         11         14
4081  10         17         19         23         19
4086  21         26         19         22         14
4091  18         26         15         8          20
4096  21         19         13         12         11
4101  22         14         20         27         9
4106  10         17         17         15         9
4111  17         11         11         10         17
4116  16         17         19         14         23
4121  15         12         17         10         14
4126  8          18         13         17         18
4131  17         11         14         14         22
4136  21         11         11         23         13
4141  12         16         22         17         18
4146  20         15         14         15         18
4151  17         11         18         11         12
4156  14         19         18         17         18
4161  21         19         9          19         9
4166  18         21         11         13         20
4171  8          8          9          14         14
4176  16         14         13         9          7
4181  12         14         13         17         10
4186  15         13         18         15         18
4191  10         17         13         13         17
4196  11         9          15         19         16
4201  14         8          15         27         9
4206  12         12         19         13         12
4211  16         18         12         13         15
4216  12         15         13         16         20
4221  20         15         12         14         18
4226  19         11         14         26         16
4231  19         19         29         56         102
4236  180        263        371        493        537
4241  533        464        395        294        209
4246  131        47         31         26         20
4251  11         12         17         7          13
4256  16         8          11         17         15
4261  18         15         11         8          7
4266  11         16         9          13         16
4271  9          7          15         12         16
4276  16         9          13         11         13
4281  11         13         16         10         10
4286  11         18         16         15         12
4291  14         10         15         9          11
4296  11         17         10         13         19
4301  6          19         12         8          12
4306  16         9          11         10         11
4311  14         7          9          14         15
4316  11         13         10         9          10
4321  12         13         17         15         7
4326  13         13         16         15         16
4331  10         11         9          14         10
4336  14         11         13         8          16
4341  11         18         9          11         12
4346  10         9          11         11         11
4351  11         9          15         8          11
4356  15         12         11         15         10
4361  14         21         12         12         9
4366  11         7          8          14         9
4371  10         14         10         9          14
4376  15         8          15         18         23
4381  15         19         14         17         19
4386  10         14         16         20         17
4391  17         21         26         23         11
4396  16         15         14         8          10
4401  12         18         6          16         15
4406  6          13         16         6          4
4411  13         14         7          10         16
4416  9          10         10         13         13
4421  14         18         10         7          9
4426  12         12         10         10         11
4431  12         10         10         14         9
4436  16         11         11         12         13
4441  13         7          9          11         15
4446  17         6          8          18         12
4451  12         13         11         8          10
4456  10         12         9          8          15
4461  14         9          12         8          10
4466  12         13         13         13         9
4471  12         7          12         7          9
4476  10         4          10         12         10
4481  15         10         9          10         16
4486  9          13         7          14         10
4491  12         11         7          7          7
4496  11         14         9          6          16
4501  9          11         6          9          15
4506  9          9          6          9          8
4511  9          16         15         18         8
4516  7          4          10         18         9
4521  7          7          10         13         13
4526  6          7          8          10         8
4531  12         9          10         9          11
4536  15         7          8          9          11
4541  6          9          13         8          9
4546  12         10         12         14         8
4551  12         8          8          13         22
4556  7          7          11         8          11
4561  5          14         6          9          6
4566  9          12         6          12         11
4571  21         14         14         6          12
4576  13         13         10         14         15
4581  11         13         13         8          15
4586  16         15         13         11         9
4591  10         9          13         7          12
4596  15         11         11         8          8
4601  10         8          12         9          14
4606  19         10         16         22         19
4611  16         16         30         11         16
4616  20         13         19         26         31
4621  40         36         26         28         31
4626  24         29         14         21         12
4631  12         9          20         12         9
4636  9          14         8          7          13
4641  8          8          14         9          10
4646  5          16         12         12         9
4651  10         8          12         8          13
4656  7          10         8          9          9
4661  18         6          13         5          13
4666  12         11         12         8          8
4671  10         10         14         9          14
4676  11         12         10         12         13
4681  13         14         7          13         8
4686  7          9          11         4          11
4691  7          21         6          15         7
4696  11         7          13         10         21
4701  26         21         20         34         36
4706  29         30         33         15         11
4711  11         13         15         11         8
4716  15         12         16         8          9
4721  8          13         15         10         13
4726  15         8          8          13         11
4731  16         6          11         8          22
4736  9          9          11         5          13
4741  17         10         12         11         14
4746  7          5          10         4          5
4751  12         17         15         17         13
4756  15         13         9          21         9
4761  9          8          12         15         12
4766  10         9          8          5          10
4771  10         10         11         6          12
4776  7          6          15         10         14
4781  13         9          5          13         11
4786  14         5          11         11         11
4791  11         8          14         16         9
4796  6          13         11         6          10
4801  11         7          11         9          6
4806  12         7          10         11         13
4811  7          6          7          7          10
4816  7          9          7          18         9
4821  12         10         9          10         14
4826  12         8          11         7          15
4831  10         12         7          13         3
4836  17         9          9          11         22
4841  8          9          9          8          9
4846  8          6          8          8          17
4851  12         11         6          6          10
4856  8          5          8          9          8
4861  10         11         17         14         4
4866  17         8          13         6          7
4871  9          9          10         11         10
4876  7          5          10         4          9
4881  10         9          6          10         9
4886  7          9          13         17         13
4891  10         11         12         14         9
4896  8          10         9          9          6
4901  4          14         7          10         15
4906  12         8          13         10         7
4911  12         10         15         5          7
4916  9          10         12         9          12
4921  5          7          9          12         8
4926  13         5          5          6          7
4931  11         18         7          8          11
4936  8          6          7          9          13
4941  9          8          9          10         7
4946  7          6          8          13         8
4951  11         11         7          9          17
4956  15         14         9          7          6
4961  10         15         9          11         6
4966  8          14         7          5          12
4971  7          14         14         11         11
4976  6          14         7          14         14
4981  11         13         7          9          8
4986  13         10         13         7          7
4991  8          8          16         12         8
4996  5          6          14         14         12
5001  12         13         17         12         4
5006  5          7          8          8          7
5011  8          8          5          11         7
5016  11         13         18         18         19
5021  17         12         14         20         18
5026  12         12         7          8          10
5031  8          7          10         3          7
5036  7          14         9          13         10
5041  13         12         6          9          10
5046  11         10         8          11         13
5051  14         3          9          11         14
5056  11         10         9          10         9
5061  5          10         12         11         9
5066  11         8          6          11         9
5071  6          9          8          3          5
5076  11         8          11         6          4
5081  2          7          11         9          11
5086  4          9          11         7          9
5091  3          2          8          10         9
5096  8          7          11         9          4
5101  12         6          7          7          13
5106  10         9          13         10         5
5111  6          10         10         4          12
5116  16         10         27         21         41
5121  52         51         39         38         41
5126  34         19         16         15         14
5131  10         6          9          11         11
5136  6          13         8          11         11
5141  6          13         10         10         9
5146  12         10         8          5          10
5151  4          4          11         7          7
5156  8          9          7          15         13
5161  9          10         5          9          10
5166  12         9          8          6          15
5171  10         14         5          10         11
5176  7          7          11         13         8
5181  7          6          11         8          7
5186  12         10         9          5          8
5191  10         11         8          6          9
5196  7          11         9          16         11
5201  11         9          6          10         5
5206  4          4          4          8          12
5211  8          8          11         10         8
5216  9          10         11         6          7
5221  8          9          9          4          10
5226  5          11         9          10         11
5231  9          7          9          7          6
5236  11         11         10         6          4
5241  9          7          11         10         13
5246  5          10         12         8          8
5251  8          7          8          5          6
5256  5          8          13         13         9
5261  12         11         6          9          9
5266  8          11         11         9          9
5271  14         11         9          6          6
5276  7          9          12         9          7
5281  4          9          8          7          7
5286  6          5          11         11         12
5291  5          9          7          10         8
5296  8          6          7          4          17
5301  10         9          8          5          10
5306  8          1          8          10         9
5311  6          14         6          10         7
5316  13         6          9          6          5
5321  5          13         6          7          6
5326  6          5          9          11         6
5331  4          7          11         14         10
5336  12         8          16         12         11
5341  11         3          6          13         14
5346  4          12         6          7          10
5351  10         7          8          5          12
5356  12         13         10         10         11
5361  12         9          14         13         10
5366  13         14         7          8          7
5371  11         10         5          5          9
5376  6          4          8          5          10
5381  10         4          13         7          13
5386  7          6          10         9          6
5391  6          8          7          14         6
5396  7          10         7          14         13
5401  11         6          6          5          12
5406  5          14         9          12         5
5411  9          14         8          8          7
5416  12         8          7          14         13
5421  8          8          5          7          8
5426  6          4          6          14         6
5431  11         9          12         6          9
5436  4          9          10         8          13
5441  10         6          11         13         4
5446  7          7          11         8          10
5451  7          11         5          5          8
5456  5          8          11         6          13
5461  10         11         11         8          4
5466  11         9          9          3          11
5471  8          11         15         10         10
5476  11         10         7          13         9
5481  9          11         10         7          6
5486  7          4          11         6          10
5491  9          7          18         8          8
5496  6          10         5          9          10
5501  11         5          13         12         9
5506  11         7          8          9          15
5511  9          14         6          7          6
5516  10         7          9          8          9
5521  8          7          6          6          6
5526  12         9          5          9          6
5531  3          7          14         7          14
5536  11         10         11         8          13
5541  3          8          7          12         9
5546  9          10         2          7          4
5551  11         5          10         11         6
5556  6          9          10         7          6
5561  11         15         9          5          10
5566  7          5          9          12         3
5571  6          10         5          5          10
5576  6          10         15         12         7
5581  12         9          11         16         9
5586  9          9          7          8          7
5591  5          8          9          14         11
5596  10         12         5          10         6
5601  10         13         13         5          11
5606  5          9          8          9          6
5611  7          7          10         8          10
5616  11         4          7          15         10
5621  9          8          10         8          8
5626  8          13         8          4          10
5631  9          16         5          6          9
5636  11         9          11         7          5
5641  8          11         5          6          9
5646  3          3          6          9          10
5651  6          3          5          8          8
5656  9          10         9          8          8
5661  9          10         5          11         8
5666  9          15         12         6          11
5671  9          10         11         8          6
5676  4          8          12         11         6
5681  6          3          12         11         11
5686  7          9          17         4          6
5691  5          5          7          11         9
5696  7          7          12         11         11
5701  7          7          7          4          6
5706  10         5          8          11         9
5711  3          7          12         6          5
5716  9          5          10         7          11
5721  7          2          9          9          5
5726  9          16         11         3          9
5731  4          6          7          11         10
5736  12         7          6          6          12
5741  13         9          5          13         7
5746  10         8          14         9          12
5751  5          3          10         6          7
5756  7          9          9          9          12
5761  3          7          12         5          10
5766  8          6          5          10         6
5771  6          9          10         4          7
5776  12         8          9          11         15
5781  7          13         10         8          6
5786  11         9          6          5          12
5791  6          7          7          6          7
5796  5          13         10         7          5
5801  7          7          7          10         5
5806  10         6          7          9          4
5811  7          8          7          7          8
5816  8          9          7          5          5
5821  6          11         7          11         10
5826  10         2          5          6          7
5831  9          7          1          5          6
5836  4          5          12         7          7
5841  9          8          7          5          9
5846  7          12         8          10         6
5851  7          10         8          7          6
5856  9          3          10         9          9
5861  14         6          5          14         9
5866  8          5          7          12         8
5871  6          8          6          9          11
5876  5          9          10         7          9
5881  6          7          4          9          6
5886  8          6          8          5          7
5891  7          9          9          7          7
5896  8          15         9          6          4
5901  8          5          8          6          5
5906  8          7          5          8          8
5911  9          4          6          12         9
5916  7          7          8          3          7
5921  11         9          7          13         8
5926  5          5          11         9          12
5931  7          9          5          10         6
5936  8          5          6          6          11
5941  3          8          7          9          8
5946  8          10         11         14         7
5951  4          13         12         3          7
5956  8          4          6          10         5
5961  7          15         6          9          9
5966  10         8          10         11         10
5971  9          7          11         12         7
5976  11         4          12         6          8
5981  8          7          6          10         10
5986  9          4          11         6          7
5991  8          2          8          7          9
5996  5          4          3          14         12
6001  7          4          6          11         4
6006  9          10         8          8          10
6011  12         9          6          10         10
6016  5          9          9          10         4
6021  9          10         6          8          7
6026  10         6          4          14         7
6031  3          7          9          9          7
6036  3          8          4          7          4
6041  8          8          10         10         8
6046  7          6          5          8          5
6051  6          8          15         7          10
6056  9          7          11         8          5
6061  10         6          7          6          9
6066  4          6          5          8          3
6071  9          8          9          12         6
6076  6          9          6          9          7
6081  6          8          12         3          8
6086  13         12         16         7          7
6091  7          8          12         9          7
6096  9          10         8          17         20
6101  16         27         24         25         28
6106  36         37         37         30         21
6111  24         25         19         16         14
6116  13         8          7          8          11
6121  5          10         9          10         6
6126  11         7          9          8          8
6131  10         7          9          6          7
6136  12         8          6          7          11
6141  9          6          5          7          6
6146  9          9          9          9          10
6151  14         12         10         5          12
6156  10         11         8          9          7
6161  9          12         10         8          12
6166  7          6          9          13         8
6171  7          8          6          6          9
6176  6          8          4          10         13
6181  9          2          7          8          8
6186  8          5          5          13         8
6191  6          6          11         14         11
6196  7          7          8          7          5
6201  5          7          8          5          10
6206  7          7          9          4          9
6211  10         7          7          9          4
6216  13         12         4          11         6
6221  9          8          9          8          9
6226  6          8          8          7          11
6231  9          7          14         12         3
6236  8          5          5          10         5
6241  7          11         6          5          8
6246  7          11         5          10         8
6251  8          12         5          6          8
6256  4          5          13         7          7
6261  13         2          9          7          6
6266  3          4          11         9          9
6271  5          4          12         8          3
6276  9          5          7          5          8
6281  7          8          10         6          12
6286  10         5          5          4          11
6291  8          11         6          11         8
6296  4          12         3          2          7
6301  7          5          8          10         10
6306  8          9          5          11         10
6311  7          6          9          8          15
6316  7          12         6          8          11
6321  11         8          9          13         7
6326  9          4          6          6          5
6331  11         9          8          4          9
6336  7          9          11         7          8
6341  9          2          7          12         7
6346  8          10         6          6          7
6351  7          15         8          6          8
6356  6          9          5          9          6
6361  8          7          11         12         7
6366  10         5          11         6          11
6371  5          9          1          10         6
6376  9          13         3          5          3
6381  3          6          9          9          9
6386  8          5          9          8          6
6391  18         6          15         15         11
6396  20         17         27         16         23
6401  15         17         11         10         12
6406  10         12         10         5          9
6411  4          8          6          10         14
6416  9          6          13         11         8
6421  7          10         4          5          12
6426  9          10         9          12         4
6431  12         9          6          8          11
6436  7          10         14         3          14
6441  6          4          8          11         8
6446  11         6          6          3          6
6451  15         6          8          13         7
6456  7          5          7          9          8
6461  6          11         11         8          5
6466  12         7          7          10         6
6471  8          4          9          8          9
6476  7          13         7          5          8
6481  6          8          8          4          6
6486  9          9          10         8          10
6491  10         7          7          6          9
6496  7          9          9          6          9
6501  17         6          12         7          8
6506  10         13         11         4          12
6511  12         10         9          12         6
6516  8          8          12         4          13
6521  9          11         9          5          6
6526  8          2          5          7          7
6531  5          9          11         8          9
6536  8          11         8          12         5
6541  8          8          8          3          8
6546  8          7          8          2          13
6551  6          8          7          6          11
6556  5          8          12         11         11
6561  7          6          12         10         3
6566  5          7          8          3          7
6571  8          8          11         7          10
6576  8          9          10         5          9
6581  4          11         7          9          3
6586  8          8          8          5          9
6591  7          7          14         7          11
6596  7          6          10         5          5
6601  10         6          5          8          10
6606  7          9          12         11         10
6611  8          10         14         11         9
6616  12         11         6          10         7
6621  9          5          11         13         8
6626  8          13         8          6          6
6631  11         10         10         7          8
6636  5          11         9          9          8
6641  9          7          11         8          7
6646  14         12         4          12         7
6651  6          10         6          4          5
6656  13         9          9          6          5
6661  13         7          8          10         5
6666  10         13         12         9          3
6671  9          10         8          8          13
6676  4          5          15         5          16
6681  9          3          12         8          10
6686  10         9          7          7          9
6691  8          6          14         9          8
6696  8          7          11         5          9
6701  6          9          9          5          13
6706  6          11         4          7          7
6711  5          7          11         12         5
6716  11         10         8          1          12
6721  6          7          5          9          9
6726  9          7          7          7          10
6731  8          14         9          6          14
6736  8          6          12         7          7
6741  2          10         10         10         10
6746  6          9          6          11         9
6751  2          9          5          10         9
6756  11         13         7          7          9
6761  9          12         11         5          4
6766  9          12         9          8          11
6771  4          13         14         8          2
6776  10         6          11         10         8
6781  8          14         7          6          9
6786  8          7          14         7          7
6791  6          18         8          14         9
6796  9          11         16         14         7
6801  14         5          8          12         7
6806  5          8          9          7          12
6811  12         13         14         13         7
6816  14         11         6          9          8
6821  11         8          12         9          9
6826  7          8          6          4          10
6831  12         7          18         7          10
6836  9          10         8          9          13
6841  12         13         9          2          6
6846  6          11         8          15         9
6851  11         8          8          7          10
6856  8          8          6          9          6
6861  8          10         4          14         5
6866  7          10         17         13         8
6871  15         8          6          8          6
6876  13         10         8          13         3
6881  12         7          5          12         16
6886  13         8          10         7          17
6891  15         7          10         9          8
6896  13         5          9          8          13
6901  7          7          9          10         13
6906  8          11         6          11         5
6911  8          10         8          9          6
6916  7          10         5          6          7
6921  7          7          7          4          10
6926  5          4          8          4          8
6931  10         9          3          13         9
6936  4          8          2          17         5
6941  9          7          9          6          8
6946  9          6          7          12         13
6951  8          9          9          13         9
6956  6          4          10         8          8
6961  12         2          8          7          12
6966  7          6          10         12         8
6971  7          10         5          15         8
6976  2          6          9          4          5
6981  6          9          4          9          9
6986  11         7          7          4          9
6991  7          6          9          7          6
6996  10         6          6          8          8
7001  5          9          3          9          6
7006  7          5          13         6          10
7011  7          5          6          7          4
7016  6          12         5          8          8
7021  4          9          10         6          5
7026  7          8          10         8          10
7031  6          7          3          5          7
7036  13         7          14         11         8
7041  8          7          2          7          10
7046  12         10         10         9          8
7051  3          7          10         4          7
7056  6          7          7          7          5
7061  12         6          6          8          6
7066  10         6          4          7          8
7071  3          2          9          5          9
7076  9          9          11         1          7
7081  7          5          9          9          10
7086  6          7          10         7          9
7091  7          7          10         6          7
7096  7          16         8          5          9
7101  8          10         10         16         10
7106  7          6          13         4          8
7111  9          13         7          5          4
7116  3          6          4          4          6
7121  6          3          5          8          5
7126  4          6          10         5          2
7131  6          5          5          3          5
7136  7          9          8          6          6
7141  6          7          7          6          6
7146  5          6          4          3          9
7151  3          7          2          11         4
7156  9          6          5          6          12
7161  8          10         7          4          2
7166  3          1          3          5          9
7171  9          3          7          8          11
7176  6          8          6          8          5
7181  2          6          6          10         1
7186  5          6          2          4          8
7191  4          8          6          7          6
7196  1          3          5          4          5
7201  5          3          2          6          4
7206  4          4          10         5          4
7211  7          6          5          5          2
7216  3          7          5          7          4
7221  1          5          3          10         3
7226  8          8          3          7          4
7231  5          8          2          4          3
7236  7          4          3          7          5
7241  2          2          2          4          1
7246  3          2          10         4          5
7251  6          4          10         2          8
7256  3          2          7          5          3
7261  3          6          3          5          2
7266  3          6          3          3          6
7271  6          4          6          5          5
7276  4          1          7          5          6
7281  4          5          5          7          4
7286  6          4          2          3          4
7291  6          7          5          4          5
7296  4          7          2          5          3
7301  4          6          3          3          7
7306  2          6          3          2          2
7311  5          3          6          4          5
7316  3          1          8          6          4
7321  4          8          5          5          5
7326  8          6          3          3          4
7331  4          4          4          3          4
7336  1          2          1          1          3
7341  8          1          5          1          6
7346  2          5          4          2          5
7351  12         6          5          7          1
7356  5          4          2          2          3
7361  6          4          5          7          5
7366  4          4          5          2          1
7371  4          10         6          2          3
7376  3          8          5          4          4
7381  2          2          2          2          8
7386  4          2          9          0          5
7391  3          1          4          1          4
7396  2          4          7          7          5
7401  8          5          3          4          3
7406  5          6          3          2          1
7411  5          5          7          2          5
7416  0          3          3          4          2
7421  2          3          8          3          4
7426  5          5          7          6          7
7431  4          1          6          5          2
7436  6          4          2          2          3
7441  5          4          1          5          5
7446  6          3          6          3          4
7451  6          3          3          5          4
7456  2          6          5          4          3
7461  6          5          5          7          5
7466  2          6          5          2          3
7471  5          5          7          0          2
7476  5          2          7          7          4
7481  5          5          6          7          1
7486  4          1          5          2          4
7491  4          6          1          0          3
7496  3          4          6          5          8
7501  3          1          4          1          6
7506  2          4          4          9          5
7511  5          2          7          5          2
7516  3          7          3          2          2
7521  2          4          4          1          5
7526  1          4          4          6          3
7531  3          3          5          2          3
7536  3          2          3          2          2
7541  7          6          3          3          6
7546  2          2          4          3          3
7551  2          1          4          3          4
7556  1          3          8          1          5
7561  2          5          2          0          8
7566  5          1          4          5          2
7571  6          6          7          6          5
7576  7          9          4          5          6
7581  13         25         21         46         80
7586  92         124        160        186        212
7591  231        229        245        192        158
7596  129        81         66         38         21
7601  17         4          3          3          3
7606  9          3          4          6          6
7611  2          2          3          4          4
7616  2          3          4          3          2
7621  4          2          5          4          5
7626  4          5          3          5          0
7631  4          4          5          5          2
7636  5          3          6          2          3
7641  5          4          3          11         5
7646  0          2          4          1          3
7651  2          4          5          6          9
7656  2          3          2          6          1
7661  5          8          2          4          3
7666  4          3          2          2          7
7671  2          0          5          3          3
7676  2          3          3          7          3
7681  8          2          4          6          6
7686  4          5          5          3          7
7691  2          1          4          1          5
7696  7          5          3          2          5
7701  7          7          0          4          3
7706  5          1          5          7          5
7711  6          8          4          5          6
7716  2          3          2          3          8
7721  3          2          5          6          2
7726  2          1          1          3          1
7731  3          2          1          6          4
7736  0          5          4          2          5
7741  4          4          4          4          4
7746  5          2          6          4          5
7751  4          2          3          2          2
7756  5          2          3          2          6
7761  6          4          0          5          5
7766  8          2          3          2          1
7771  6          5          1          0          2
7776  3          0          4          4          3
7781  3          5          4          3          3
7786  2          7          1          1          6
7791  0          5          3          3          6
7796  3          7          5          5          5
7801  10         3          4          6          6
7806  6          5          7          6          6
7811  1          4          5          6          2
7816  3          5          4          4          6
7821  3          7          3          2          7
7826  4          4          2          2          2
7831  6          8          1          4          6
7836  2          3          4          5          0
7841  8          2          6          2          2
7846  2          2          4          6          3
7851  3          5          3          3          1
7856  4          0          3          4          8
7861  3          1          5          4          2
7866  7          3          3          1          1
7871  5          3          5          2          0
7876  1          1          3          3          3
7881  3          5          4          1          1
7886  1          2          3          2          4
7891  2          2          3          6          3
7896  3          6          5          5          1
7901  5          4          4          5          2
7906  5          7          3          6          2
7911  6          2          1          3          2
7916  2          3          2          3          1
7921  3          5          1          7          5
7926  3          3          1          2          4
7931  5          5          4          6          3
7936  1          1          4          2          1
7941  3          4          1          1          3
7946  3          0          3          2          4
7951  2          5          2          4          3
7956  3          6          1          4          4
7961  2          6          4          3          4
7966  1          4          3          3          1
7971  6          2          1          1          2
7976  3          4          1          5          1
7981  2          4          0          3          4
7986  4          6          3          7          6
7991  4          7          7          2          3
7996  1          5          4          5          1
8001  1          4          0          2          3
8006  4          3          0          3          3
8011  2          1          4          4          6
8016  2          3          5          1          1
8021  3          5          2          1          1
8026  3          2          0          1          3
8031  1          4          5          1          6
8036  4          5          3          2          3
8041  7          5          6          5          4
8046  2          10         3          4          2
8051  3          3          4          5          3
8056  7          1          1          4          2
8061  3          3          4          4          2
8066  3          2          2          1          1
8071  1          1          1          7          3
8076  6          2          1          2          0
8081  2          1          0          4          2
8086  4          2          8          6          1
8091  1          1          3          2          2
8096  3          3          4          4          3
8101  4          2          3          7          0
8106  3          3          2          1          3
8111  3          5          5          3          4
8116  1          7          2          3          2
8121  2          3          1          2          3
8126  3          1          3          4          5
8131  2          4          0          0          3
8136  2          3          5          0          8
8141  2          8          6          2          7
8146  1          3          1          4          6
8151  2          2          5          1          5
8156  4          4          6          2          3
8161  2          2          2          4          1
8166  2          6          1          3          1
8171  0          6          7          2          6
8176  3          5          5          2          4
8181  5          4          0          4          3
8186  3          3          3          3          0
8191  5          0
#Comment
RSSI version 4.3.0
UTC 2025/09/29 09:31:23.9 Filter Manager v. 4.1.13 AIR FLOW Auto change (Auto)
UTC 2025/09/29 10:52:06.9 Filter Manager v. 4.1.13 DECAY Current barcode for the
 filter in the decay station was changed: (Auto)
UTC 2025/09/30 09:29:24.5 Filter Manager v. 4.1.13 DECAY Current barcode for the
 filter in the decay station was changed: 49202509280911 (Auto)
UTC 2025/09/30 10:02:55.0 Filter Manager v. 4.1.13 FIRST SPECTROMETER Maximum
 delay between decay station and spectrometer station exceeded. (Confirmed.)
UTC 2025/09/30 10:02:55.0 Filter Manager v. 4.1.13 FIRST SPECTROMETER The
 acquisition duration is auto-adjusted to "23:19:00" to send full SAMPLEPHD
 within "3 days, 0:00:00" time period (Confirmed.)
UTC 2025/09/30 10:02:55.0 Filter Manager v. 4.1.13 FIRST SPECTROMETER The
 detector shield lid is open. (Auto)
UTC 2025/09/30 10:02:55.1 Filter Manager v. 4.1.13 FIRST SPECTROMETER Barcode
 scanned out of configured timeout 0:05:00 - still waiting for the detector
 shield lid to be closed. (Auto)
STOP

--===============6650850133041668317==
Content-Type: application/x-pkcs7-signature
MIME-Version: 1.0
Content-Disposition: attachment; filename="smime.p7s"
Content-Transfer-Encoding: base64

MIIDuAYJKoZIhvcNAQcCoIIDqTCCA6UCAQExDzANBglghkgBZQMEAgEFADALBgkqhkiG9w0BBwGg
ggJMMIICSDCCAc6gAwIBAgIDawYwMAoGCCqGSM49BAMCMFExDjAMBgNVBAoTBUNUQlRPMQwwCgYD
VQQLEwNQS0kxFTATBgNVBAsTDFBLSSBFbnRpdGllczEaMBgGA1UEAxMRT1BTIEVDRFNBIENBIDIw
MTcwHhcNMjQxMDA3MDkyNjI1WhcNMjkxMDA3MDkyNjI1WjBhMQ4wDAYDVQQKDAVDVEJUTzEMMAoG
A1UECwwDSU1TMRwwGgYDVQQLDBNEYXRhIEF1dGhlbnRpY2F0b3JzMQ4wDAYDVQQHDAVOT1A0OTET
MBEGA1UEAwwKd3MwMS1ub3A0OTBZMBMGByqGSM49AgEGCCqGSM49AwEHA0IABBpmGyTrU9Ga/1R1
Vq2zGcm4pXR2X552g/xPnym4Lf4n90oIS7c1wLDD8ZETwhGM8o0RpMETtYRtkME533JRz8SjgYQw
gYEwDAYDVR0TAQH/BAIwADBABgNVHSAEOTA3MDUGCWeBBAEBAgEBATAoMCYGCCsGAQUFBwIBFhpo
dHRwczovL3BraS5jdGJ0by5vcmcvY3BzLzAOBgNVHQ8BAf8EBAMCBsAwHwYDVR0jBBgwFoAUPS5W
XB9Q13dHanr7TT7cbxddII4wCgYIKoZIzj0EAwIDaAAwZQIwFOUgdD9TU7I8Gg5+hOW3TOrPX1sh
HwxXOJD3GC7TnC63uMOyFY+597MTviehH86PAjEA+VyHszJeYk7XZIySPGgTgdOeC2wckWof25DC
Hy6SysYWlwY/C9wMo9239YHbmpDqMYIBMDCCASwCAQEwWDBRMQ4wDAYDVQQKEwVDVEJUTzEMMAoG
A1UECxMDUEtJMRUwEwYDVQQLEwxQS0kgRW50aXRpZXMxGjAYBgNVBAMTEU9QUyBFQ0RTQSBDQSAy
MDE3AgNrBjAwDQYJYIZIAWUDBAIBBQCgaTAYBgkqhkiG9w0BCQMxCwYJKoZIhvcNAQcBMBwGCSqG
SIb3DQEJBTEPFw0yNTEwMDEwOTIyNTJaMC8GCSqGSIb3DQEJBDEiBCAtzqV+Ha0euW3foD9SnHJ4
ejMxcqdfSVwq1QNVOwdpWDAKBggqhkjOPQQDAgRHMEUCIQDxXqvcmsgSezFseixxUYAi3lQK/avM
zAWMFDOXUMKW/AIgL4QVHIVF0Jc2o4oLsrAmF0N83mNoNjJPNojgyAVVgvU=

--===============6650850133041668317==--
